Matrix 9x9
   23.5   29.5   72.5  -52.5   -7.5   42.5  -92.5    6.5    5.5
   32.5  -46.5  -12.5  -62.5  -26.5  -48.5   87.5  -84.5   63.5
  -67.5   76.5  -20.5   48.5   38.5    5.5   -0.5   45.5  -63.5
  -10.5   72.5    1.5   34.5   89.5  -32.5    7.5  -30.5   43.5
  -59.5   55.5  -54.5  -15.5  -95.5  -55.5  -71.5   20.5  -55.5
  -55.5   60.5  -26.5   85.5  -87.5   32.5   85.5   -5.5   44.5
   67.5  -75.5  -17.5    9.5   -5.5  -98.5   27.5   39.5  -88.5
  -24.5   62.5  -70.5  -94.5    7.5  -47.5  -69.5   70.5  -26.5
  -35.5  -92.5  -32.5   92.5   26.5  -84.5  -84.5  -57.5   11.5
