Matrix 10x10
     51     12    -78     61     82     -7    -51     33     29    -69

    -66     -6     25    -92    -11     86     49     72    -56     12

    -73    -27     62      2     11     16    -96     14    -37     49

     13     27     92     63    -51     85    -64     55     32     25

    -24     41    -16    -97     60    -45     76     -7      0    -86

     -1      9    -79     38    -16    -82     89    -42     51     15

     -9    -68    -48     67    -53     90    -62      0    -64     69

    -93     83     59    -72    -98    -97    -37    -36     45    -39

    -95     -9     68    -12     18     35    -74    -64     18      9

    -98    -15    -77    -91    -63     21    -41     84    -30    -51

